5628843580
5066243314
5295785214
5330764845
2642786173
112370430
2222725662
3480151809
4579111377
5327961500
5107177048
1027712623
1225345706
1275042529
3593264489
4804851162
2604861872
2256250492
1190082081
3522201234
3900516396
2879117485
3657258950
11488182
2935026352
4017930263
1149356
1805738644
4763647244
1766292114
4039696241
1007512054
1174806310
1875720139
2005073261
643220
1515350571
2594134591
1227071251
4119159107
5815958309
255616433
918460500
5115728303
43447880
2256250492
204476178
4113961595
3228017378
3790980020
3561882066
1550252404
884600825
1440690532
3328650584
1461137116
2861726322
1697143745
285564924
266417550
5742670361
4526661895
2887175848
1452760967
5727273367
3602273353
2819917924
361890644
5815958309
3282887963
2550853973
1975872816
291989977
5140604228
1432645146
1432645146
2749663649
730081442
3599269589
126471880
1364116735
5859868964
2566957821
4756365332
5844484163
5453644842
3125171897
4708489238
5815958309
3289087313
1739248798
5239629351
286188986
682968396
3136881520
4146266718
2514395576
5857402293
4164685382
1575493140
2819917924
1397339849
6048269148
1343256580
2585009005
3749149761
1591266690
3760051624
1149356
2887175848
602390633
1070581826
520731376
5664231295
183103680
